footstep_data_list: 
  - 
    robot_side: 1
    location: 
      x: -0.0993053415536
      y: -0.125051392704
      z: 0.00552486225291
    orientation: 
      x: 0.000143423919287
      y: -0.000188183942786
      z: 0.000868960690506
      w: 0.999999594462
    predicted_contact_points: []
    trajectory_type: 0
    swing_height: 0.1
    position_waypoints: []
    swing_trajectory: []
    swing_trajectory_blend_duration: 0.0
    swing_duration: 0.0
    transfer_duration: 0.0
    touchdown_duration: -1
    sequence_id: 1
  - 
    robot_side: 0
    location: 
      x: -0.219754655382
      y: 0.133724150967
      z: 0.00555387285164
    orientation: 
      x: 0.000144363042285
      y: -0.000187464473883
      z: -0.00413102731049
      w: 0.999991439278
    predicted_contact_points: []
    trajectory_type: 0
    swing_height: 0.1
    position_waypoints: []
    swing_trajectory: []
    swing_trajectory_blend_duration: 0.0
    swing_duration: 0.0
    transfer_duration: 0.0
    touchdown_duration: -1
    sequence_id: 1
  - 
    robot_side: 1
    location: 
      x: -0.341909731592
      y: -0.130367410581
      z: 0.00543208762347
    orientation: 
      x: 0.000143571884728
      y: -0.000188071079281
      z: 8.24440995453e-05
      w: 0.99999996861
    predicted_contact_points: []
    trajectory_type: 0
    swing_height: 0.1
    position_waypoints: []
    swing_trajectory: []
    swing_trajectory_blend_duration: 0.0
    swing_duration: 0.0
    transfer_duration: 0.0
    touchdown_duration: -1
    sequence_id: 1
  - 
    robot_side: 0
    location: 
      x: -0.34504803311
      y: 0.129621470537
      z: 0.00550556950596
    orientation: 
      x: 0.000143597638678
      y: -0.00018805141614
      z: -5.45003768669e-05
      w: 0.999999970523
    predicted_contact_points: []
    trajectory_type: 0
    swing_height: 0.1
    position_waypoints: []
    swing_trajectory: []
    swing_trajectory_blend_duration: 0.0
    swing_duration: 0.0
    transfer_duration: 0.0
    touchdown_duration: -1
    sequence_id: 1
execution_timing: 0
default_swing_duration: 1.20000004768
default_transfer_duration: 1.0
final_transfer_duration: 1.0
#execution_mode: 0
#previous_message_id: 0
sequence_id: 1

trust_height_of_footsteps: False
are_footsteps_adjustable: False
offset_footsteps_with_execution_error: False
queueing_properties:
  sequence_id: 1
  execution_mode: 0
  message_id: 1
  previous_message_id: 0
  execution_delay_time: 0 
