footstep_data_list: 
  - 
    robot_side: 1
    location: 
      x: 0.155938042353
      y: -0.125129050387
      z: 0.00562088671252
    orientation: 
      x: 0.000143405504172
      y: -0.000188175359969
      z: 0.000964877644558
      w: 0.999999506518
    predicted_contact_points: []
    trajectory_type: 0
    swing_height: 0.1
    position_waypoints: []
    swing_trajectory: []
    swing_trajectory_blend_duration: 0.0
    swing_duration: 0.0
    transfer_duration: 0.0
    unique_id: 0
  - 
    robot_side: 0
    location: 
      x: 0.290682318786
      y: 0.133621472446
      z: 0.00574586694057
    orientation: 
      x: 0.000144344584487
      y: -0.000187455983248
      z: -0.00403511111568
      w: 0.999991830918
    predicted_contact_points: []
    trajectory_type: 0
    swing_height: 0.1
    position_waypoints: []
    swing_trajectory: []
    swing_trajectory_blend_duration: 0.0
    swing_duration: 0.0
    transfer_duration: 0.0
    unique_id: 0
  - 
    robot_side: 1
    location: 
      x: 0.423821384552
      y: -0.13048614073
      z: 0.00572009221214
    orientation: 
      x: 0.000143611644465
      y: -0.000188018085035
      z: -0.000131049148737
      w: 0.999999963426
    predicted_contact_points: []
    trajectory_type: 0
    swing_height: 0.1
    position_waypoints: []
    swing_trajectory: []
    swing_trajectory_blend_duration: 0.0
    swing_duration: 0.0
    transfer_duration: 0.0
    unique_id: 0
  - 
    robot_side: 0
    location: 
      x: 0.422828603154
      y: 0.129496757348
      z: 0.00579437918995
    orientation: 
      x: 0.000143603939753
      y: -0.000188023969785
      z: -9.00712204709e-05
      w: 0.999999967956
    predicted_contact_points: []
    trajectory_type: 0
    swing_height: 0.1
    position_waypoints: []
    swing_trajectory: []
    swing_trajectory_blend_duration: 0.0
    swing_duration: 0.0
    transfer_duration: 0.0
    unique_id: 0
execution_timing: 0
default_swing_duration: 1.20000004768
default_transfer_duration: 1.0
final_transfer_duration: 1.0
execution_mode: 0
previous_message_id: 0
unique_id: 1523372723669705
